510,10020
3040,11220
3017,10001
3636,11206
3245,10002
3197,07311
3818,11222
3854,11211
3816,11211
3550,10027
3819,11222
3250,10002
3822,11206
3858,11222
3485,10009
3853,11237
3821,11206
3817,11211
3253,11238
3257,10019
464,10022
3685,11225
3683,10009
3820,11221
3240,10036
3823,11206
3719,11217
3089,11211
3811,11102
262,11205
3842,11221
3219,10009
3594,11225
233,11201
384,11207
431,11217
3114,11222
3099,11222
218,11201
3548,11216
3809,10019
3098,11222
2003,10009
3468,10009
540,10037
3642,10029
242,11205
3803,11225
3237,11120
437,11233
282,11211
3084,11211
3805,10075
396,11216
255,11220
3765,11206
3769,11206
3795,11215
3700,10028
3079,11222
3704,11101
3450,10001
3432,11215
3669,11231
3567,11106
3716,11101
271,11217
3564,11106
3625,11101
3586,11106
3720,11217
3772,11211
3757,11206
3789,11207
3768,11206
3764,11206
3559,11101
3078,11249
3512,11102
3476,11222
3767,11211
3793,10009
3777,11221
3787,11205
3333,11231
3778,11237
3774,11237
3653,11106
3745,11106
3773,11237
160,10016
173,10107
3762,11215
3287,10024
3812,10003
3779,11237
3394,11231
3644,11231
3758,11237
3727,11222
300,10003
3620,11101
3770,11206
538,10017
3596,11225
2022,10022
3395,11231
3111,11222
3246,11201
3691,11103
3646,11106
3766,11211
3525,11105
347,10014
3492,10035
512,10001
294,10019
3759,11237
3661,11225
3590,11225
3557,11101
3631,11225
3621,11102
3666,11102
372,11225
3776,11221
3522,11101
3775,11237
3612,11102
3566,11106
228,10017
2005,11251
329,10014
3517,11102
3760,11237
3756,11206
290,10035
3573,11106
3607,11106
3647,11101
3771,11206
3326,11231
3515,11105
3530,11105
3575,11106
3445,10024
3513,11102
3369,10028
388,10001
3577,11106
3563,11106
3264,10022
3551,10029
521,10001
3421,11217
3692,11251
404,10014
243,11201
3546,11238
3810,10024
153,10016
3506,10037
3464,10018
3505,10035
3340,11231
3543,10027
137,10022
3523,11102
263,10013
3728,11201
3804,11201-1832
3595,11106
3589,11373
3503,10037
463,10019
3608,11101
375,10019
3456,11211
3721,11102
3501,10035
3568,11106
3781,11237
3330,11231
3603,11102
3619,11102
3755,11205
3614,11102
3622,10035
3654,11101
3342,11231
3561,11101
3337,11231
3761,11221
2001,11251
3617,11101
3554,11101
3605,11102
3560,11101
3091,11222
3500,10029
3591,11106
3582,11238
3705,10012
3353,11231
3587,11225
3299,10129
3782,11201
3393,11231
3565,11101
3528,11105
3585,11225
3606,11101
3790,11201
3516,11102
3073,11249
3616,11103
3265,10003
3499,10035
3524,11102
3601,11225
318,10017
3695,10003
3455,11217
3662,11369
3726,11109
3153,10021
3498,10035
3527,10035
3663,11217
3714,11249
3449,11222
3763,11385
3490,10035
119,11251
3504,10035
3598,11103
3143,10035
3044,11216
3371,11215
3494,10029
3327,10029
151,10012
3477,11232
3643,10017
284,10014
3352,11231
3493,10035
3401,11215
3495,10029
3649,10027
3609,11106
3075,11249
3520,10026
3514,11105
3120,11101
3128,11120
3592,11106
3061,11206
3103,11222
3798,10018
3532,11105
3502,10029
3392,11231
3069,11221
395,11217
3511,10026
3452,11211
3491,10035
3127,11101
3059,11206
3570,11101
3610,11102
352,10019
3065,11211
3723,11201
3597,11101
3556,11101
3602,11369
3063,11235
3629,10039
3322,11215
3179,11206
3675,10035
3604,11225
3628,10026
3405,11215
3618,11101
3325,10128
3309,10129
3381,11231
2004,10005
3535,10027
3332,11217
3588,11106
3578,11216
3613,11109
3531,10027
3048,11221
3574,11238
3469,11222
3043,11206
3391,10029
3545,10027
3540,10027
3593,11106
3122,11109
3630,10026
3668,11222
3302,10025
3510,10027
3095,11222
3799,10001
3424,10029
3688,10022
3053,11216
3611,11101
3154,10075
3509,10037
367,10152
3441,10199
475,10003
3070,11206
3569,11238
3541,10040
3715,11211
3062,11237
3338,10028
3579,11216
3399,11215
3572,11101
3783,10038
3297,11215
3788,10003
3221,11101
3105,11222
3071,11206
3130,11120
245,11237
443,11249
421,11238
3693,11249
3088,11211
3055,11216
3387,10029
3072,11222
250,10012-3332
3549,11238
3241,11216
3580,11238
3317,11215
3060,11221
3313,11215
3094,11211
3054,11221
3673,11238
3066,11216
3689,10025
3056,11216
3526,11105
3121,11120
3320,10025
3379,10029
419,11205
3386,11231
3046,11216
3324,11215
3249,11216
3404,11215
3749,10016
3123,11101
3413,11217
3316,10025
3430,11222
3050,11221
3615,11101
3537,11238
3047,11233
3542,10040
3388,11231
3384,11231
3230,10001
3306,11215
3144,10028
3496,10029
3489,10038
3102,11211
3555,11101
3403,11215
3049,11238
3303,11231
3623,10027
3583,11238
3581,11238
3533,10027
3734,10022
147,10014
3321,11231
3454,11206
373,11205
3358,11215
3562,11238
3304,11215
3363,10029
3182,10004
397,11207
3397,11231
3041,11213
3576,11238
436,11233
216,11201-1832
3747,10028
225,100014
3479,10004
3412,11217
3361,11215
3508,10027
409,11205
3398,11231
420,11238
3709,10011
3571,11216
3058,11221
407,11201
3676,11231
3390,10029
3348,11231
3416,11217
3725,10035
3438,10021
3067,11207
3308,11231
3339,11217
298,11227
3238,10075
3042,11207
3311,11231
3584,11213
3425,10028
3180,11201
3415,11217
3298,11201
3453,11211
3389,11231
3310,11215
3518,10027
3377,11231
3344,11231
3329,11231
3315,11231
275,11238
3410,11217
3701,10038
3052,11221
3637,11207
82,10038
3057,11221
3737,10002
3529,10027
3396,11231
3539,10025
3558,11238
3419,11217
3422,11231
3478,11232
3068,11211
3373,11215
3411,11217
3347,11231
3447,10021
3080,11211
3364,11215
3124,11101
3407,11215
3106,11211
3254,10004
3365,11215
3733,10009
353,11217
3296,10128
289,11221
3109,11222
3355,10065
365,11207
3552,10025
322,11231
3100,11222
3408,11201
270,11238
344,11221
3712,10001
3420,11217
3671,10028
278,11201
3690,10007
232,11201
3300,11215
3343,10025-4403
3335,11215
3087,11211
3081,11211
3536,10115
3125,11101
144,11251
3076,11206
3090,11249
3319,11215
3351,10029
3497,10029
3345,10029
3635,10018
3157,10162
3083,11207
400,10002-1013
489,10001
3117,11222
3436,10013
3699,10019
416,11238
3242,11217
3708,10011
3684,10014
3417,11217
3086,11211
3152,10021
3085,11249
3486,11201
3599,11225
3101,11211
3077,11206
2017,10017
3375,10021
152,10007
120,11221
3538,10025
3115,11222
3096,11211
241,11221
3131,10021
244,11205
3648,11205
3368,11215
3359,10065
449,10019
258,11221
224,10038
3382,11231
3118,11109
3534,10026
3110,11222
3414,11213
3718,10009
343,11205
3284,10128
239,11201
364,11221
3231,10065
3082,11211
3290,10128
83,11208
3746,10005
488,10018
3354,11215
3126,11101
399,11238
3547,10115
3074,11206
3176,10023
3108,11222
3659,10011
3553,10026
3116,11222
3400,10029
348,10012
3370,10075
3294,10128
261,11201
3366,10025
248,10013
3707,10037
3357,10025
3341,10025
354,11205
3437,10024
3346,11217
324,11221
3064,11237
314,11201
3434,10024
418,11201
3113,11222
3418,11238
430,11201
3150,10028
3328,10025
157,11231
3092,11249
3312,10128
428,10009
3632,10009
3119,11109
3466,10036
310,11208
3286,10128
3289,10024
3462,10017
3428,10018-4527
3658,10011
274,11221
3318,10128
366,11205
3378,10021
406,11201
467,11213
3697,10069
471,11211
3107,11249
493,10036
3507,10035
390,11201
291,10002
306,10038
3172,10023
3146,10028
511,10009
143,11231
3376,10021
3521,10037
313,11238
3457,10022
408,10002
3232,11231
3135,10021
3680,10017
3724,10019
3356,10023
260,10004
357,10003
3402,11201
308,10038
339,10009
3151,10075
3288,10128
3544,11238
3263,10003
387,10007
457,10019
3443,10019
360,10005
267,10018
524,10036
309,10007
194,10045
498,10001
3145,10028
3293,10023
293,10003
253,10011
3139,10021
331,10002
391,11201-1832
2009,10038
3148,10028
444,10010
3307,10025
3474,10012
340,10002
530,10019
3440,11201
3331,10025
3336,10129
249,10013
481,11211
321,11201
276,10007
389,11207
3093,11249
3155,10037
3134,10065
3292,10128
342,10002
3431,10016
266,10009
3285,10024
3711,10009
3162,10024
356,10002
398,11231
3362,10028
414,11201-1832
3349,11238
316,10038
3314,10025
3350,10025
3178,10024
3147,10028
3243,10022
341,10002
3283,10024
376,10038
534,10004
3656,10009
393,10009
3323,10025
330,10013
2023,10022
516,10022
3136,10065
3367,10029
320,10013
116,10011
3112,11222
323,11201
3169,10024
3305,10128
3423,11215
3660,10011
3301,10025
3170,10024
3409,11213
345,10011
3674,11201
3429,11217
280,10009
434,10199
3224,10014
386,10013
362,10019
349,10002
3383,10025
337,10005
302,10009
247,10014
411,10009
146,10014
369,10011
385,10022
295,10002
3175,10023
264,10038
79,10005
3463,10003
3226,10024
3372,10021
3458,10105
332,10002
2010,10013
3687,10016
3177,10024
454,10022
392,11201
3235,10017
3132,10022
415,10038
3360,10024
502,10002
254,10014
223,10011
3461,10007
3171,10024
3244,10019
150,10009
3664,10013
252,10011-6832
473,10012-3332
485,10018
3467,10012
423,10019
500,10107
3161,10023
533,10019
3129,11101
3259,10001
3686,10014
513,10019
296,10002
2002,11211
522,10022
527,10016
325,10003
433,10009
460,11211
3459,10022
335,10019
469,10107
350,10002
311,10002
539,11249
427,10004
238,10014
441,10022
351,10045
456,10055
257,10013
470,10011
3016,11249
403,10009
537,10037
346,10014
3166,10023
422,10019
164,10017
440,10017
3173,10069
3160,10024
355,10013
546,10016
383,10014
483,10009
484,10036
328,10005
439,10009
3223,10022
217,11201-1832
363,10280
474,10035
3159,10023
3156,10021
317,10009
268,10013
2000,11201-1832
526,10016
503,10003
265,10012-3332
455,10017-6927
480,10019
334,10011
259,10004
3472,100014
3295,10025
319,10038
174,10010
2012,10010
394,10009
303,10012
279,10038
3258,10001
3140,10075
476,10016
447,10019
495,10036
297,10003
3168,10024
167,10016
515,10036
326,10009
161,10019
307,10002
237,10009
336,10019
3142,10065
3260,10019
3158,10023
301,10009
3374,10026
482,10011
236,10003
3236,10036
377,10005
536,10002-1013
448,10018
361,10002
3233,10017
453,10011
494,10018-4527
531,10002
3167,10023
529,100036
472,10016
3641,10010
212,10011
509,10199
466,10001
528,10016
412,10002
380,10014
410,10002
438,10003
3427,10012-3332
417,10007
2021,10036
251,10012
401,10002
450,10019
3163,10023
446,10011
486,10019
496,10003
468,10107
520,10019
508,10036
72,10019
461,10010
305,10022
3137,10021
312,10002
465,10019
545,10010
3165,10023
229,10012
487,10010
491,10010
382,10003
478,10018
432,10009
517,10037
507,10010
532,11249
525,10001
442,10001
504,10009
462,10011
304,10280
3282,10128
315,10041
3164,10023
501,10017-6927
479,100036
2008,10280
505,10019
445,10009
518,10016
127,10014
168,10011
128,10012
458,10001
285,10003
405,100014
492,10001
3141,10029
379,10001
3256,10282
3435,10013
368,10014
359,10017
523,10018
358,10014
327,10282
435,10011
499,10034
490,10017
3002,10005
2006,10106
497,10003
477,10036
402,10010
281,10153
3255,10017
459,10011
426,10282
514,100036
519,10037
